cdf:
 [0.99793602 0.9996754  0.99954741 0.99999235 0.64118039 0.99004983
 0.64118039 0.98898083 0.77880078 0.64118039 0.64118039 0.77880078
 0.77880078 0.95181678 0.85214379 0.85214379 0.77880078 0.92161045
 0.89483932 0.64118039 0.77880078 0.64118039 0.64118039 0.92161045
 0.77880078 0.64118039 0.64118039 0.99973564 0.85214379 0.96748259
 0.92161045 0.99610137 0.9999093  0.77880078 0.64118039 0.77880078
 0.85214379 0.64118039 0.92161045 0.93941306 0.98773022 0.95181678
 0.99857702 0.99924967 0.96748259 0.85214379 0.77880078 0.77880078
 0.99895996 0.99610137 0.99176959 0.96078944 0.92161045 0.92161045
 0.85214379 0.64118039 0.92161045 0.92161045 0.85214379 0.77880078
 0.89483932 0.85214379 0.89483932 0.64118039 0.77880078 0.92161045
 0.64118039 0.64118039 0.77880078 0.92161045 0.95181678 0.92161045
 0.77880078 0.64118039 0.64118039 0.77880078 0.64118039 0.64118039
 0.64118039 0.64118039 0.64118039 0.77880078 0.64118039 0.85214379
 0.99246708 0.89483932 0.77880078 0.64118039 0.64118039 0.98898083
 0.98773022 0.99362044 0.93941306 0.96748259 0.64118039 0.99176959
 0.92161045 0.77880078 0.64118039 0.64118039 0.64118039 0.64118039
 0.64118039 0.64118039 0.64118039 0.93941306 0.64118039 0.64118039
 0.93941306 0.64118039 0.93941306 0.99708242]